100
3 8
5 6 9 4 8 2 1 7
3 1
2
3 10
2 4 8 16 32 64 100 100 100 100
3 10
1 4 4 4 4 4 4 4 4 4
100 1
100
3 5
11 20 60 22 100
2 10
100 100 100 100 100 100 100 100 100 100
3 5
100 100 100 100 100
3 4
1 6 12 49
2 6
9 64 19 16 81 80
1 10
100 100 100 100 100 100 100 100 100 100
1 10
1 1 1 1 1 1 1 1 1 1
2 3
12 34 17
3 4
1 49 21 83
6 9
1 30 45 13 42 83 15 68 1
5 9
74 1 56 64 7 68 4 66 14
3 1
45
22 5
52 93 8 36 2
4 9
44 5 36 2 52 90 66 37 11
8 8
6 3 46 44 33 5 30 59
5 3
13 20 19
17 1
15
3 6
13 25 48 61 23 26
6 9
53 5 1 56 50 98 32 31 18
10 6
81 22 20 21 4 26
13 6
99 42 54 61 13 48
19 2
5 15
25 3
42 1 1
24 7
2 13 55 24 91 1 11
11 2
23 3
19 8
38 40 13 84 89 43 2 35
11 8
32 38 49 49 49 31 5 85
12 1
18
3 5
99 23 26 21 12
1 5
3 19 40 17 98
10 9
38 39 11 61 59 60 4 5 2
8 9
48 1 27 3 16 91 3 5 11
6 9
19 3 83 14 99 61 2 95 73
21 4
32 56 12 4
10 2
42 1
7 6
67 17 14 40 59 28
18 5
6 5 79 37 94
23 7
3 24 91 54 12 7 43
12 8
4 82 61 8 1 62 14 45
19 6
86 31 22 14 4 78
3 5
8 2 60 57 34
3 5
72 1 95 29 4
20 9
88 27 36 6 2 1 76 47 85
3 7
76 15 14 65 7 1 5
5 4
1 7 96 46
25 2
69 1
1 1
29
21 6
36 2 1 32 31 23
19 8
94 1 25 72 59 1 8 24
1 4
66 4 2 1
25 1
4
22 6
5 17 6 43 89 98
3 4
1 26 41 10
17 1
2
4 8
44 21 30 3 15 52 92 4
3 3
12 87 55
8 1
10
3 1
19
18 3
75 7 9
3 6
5 99 2 29 63 2
10 9
1 16 58 18 82 6 62 30 11
2 2
11 30
18 2
27 25
1 7
5 24 7 17 65 15 8
8 5
85 1 74 10 37
8 6
78 11 73 4 71 1
17 4
43 8 76 5
17 1
4
21 2
6 54
1 9
1 2 1 43 30 17 55 58 10
1 1
21
1 3
5 35 11
1 3
12 2 8
3 6
3 86 30 81 1 5
25 9
50 2 39 2 32 94 11 30 84
16 3
48 86 41
5 5
16 74 53 14 3
1 9
1 43 18 10 3 97 19 82 3
1 1
4
17 4
8 17 23 4
2 5
3 1 13 87 70
24 5
2 51 11 77 26
1 7
14 60 85 33 99 94 41
19 4
14 1 46 1
1 1
53
2 2
10 4
16 9
70 39 8 90 27 21 84 28 47
1 1
4
11 6
30 61 66 1 1 17
23 1
79
16 4
34 44 1 31
23 7
52 4 47 42 53 49 52
1 4
74 43 48 15
24 2
66 17
21 9
33 2 23 15 30 19 26 59 34
