100
3 8
5 6 9 4 8 2 1 7
3 1
2
3 10
2 4 8 16 32 64 100 100 100 100
3 10
1 4 4 4 4 4 4 4 4 4
100 1
100
3 5
11 20 60 22 100
2 10
100 100 100 100 100 100 100 100 100 100
3 5
100 100 100 100 100
3 4
1 6 12 49
2 6
9 64 19 16 81 80
1 10
100 100 100 100 100 100 100 100 100 100
1 10
1 1 1 1 1 1 1 1 1 1
4 6
26 42 76 24 1 19
1 6
6 47 84 27 6 58
13 3
24 23 45
12 3
11 1 33
3 7
1 7 63 16 13 29 58
6 5
23 1 6 8 3
7 1
6
5 6
60 5 45 42 1 5
3 8
4 38 86 68 97 1 9 8
5 7
11 29 5 22 1 76 83
6 5
48 42 13 44 26
7 8
1 58 1 37 8 96 1 9
4 4
10 37 26 6
25 3
20 11 13
1 9
80 81 4 69 59 72 39 57 42
9 2
2 10
22 5
64 1 15 11 10
3 5
17 21 25 34 62
23 5
46 56 72 77 43
15 3
20 1 86
17 4
23 8 9 13
7 8
66 57 63 53 57 85 84 39
15 7
95 2 11 8 36 11 96
15 4
24 38 58 2
10 2
75 35
22 9
5 63 1 70 17 37 78 4 14
1 3
12 77 14
23 2
21 3
1 9
2 2 43 4 42 5 58 4 5
6 2
34 94
11 3
24 50 10
22 6
42 1 98 15 46 93
1 7
38 89 12 6 23 51 16
25 8
9 89 14 74 59 93 1 39
1 5
19 13 34 99 48
8 2
28 19
16 6
5 59 12 71 36 88
2 9
5 20 96 65 85 70 40 1 46
19 1
3
12 3
11 34 90
22 4
31 57 2 14
20 8
57 21 3 79 11 10 17 4
1 8
90 12 11 92 12 26 26 21
1 3
10 44 74
1 8
19 25 44 2 71 7 66 16
1 3
44 44 8
4 8
29 23 24 41 43 86 35 28
9 6
9 57 96 9 4 23
11 6
2 52 3 3 26 42
9 4
51 56 56 61
1 4
17 20 39 8
1 7
69 19 44 1 3 57 4
11 4
20 87 40 27
4 9
18 5 10 38 77 26 1 26 39
2 6
47 68 20 6 55 38
12 6
18 6 12 48 1 26
1 8
61 62 27 23 62 35 32 11
23 6
15 88 64 37 36 13
23 1
1
13 5
22 1 31 37 1
1 8
58 3 8 2 10 46 1 44
1 6
25 32 35 1 68 37
4 9
26 90 9 85 3 81 71 30 1
20 3
10 7 5
12 6
66 85 25 4 51 53
23 3
91 39 5
2 5
1 77 44 38 1
3 4
28 1 40 1
21 1
1
19 7
21 62 52 39 58 50 11
21 1
23
4 7
77 45 69 41 2 15 49
1 3
49 30 18
5 7
10 98 6 7 92 10 19
23 4
83 26 95 42
9 4
91 1 80 86
8 1
64
21 4
29 82 62 29
1 1
28
17 2
10 14
11 7
40 1 46 60 7 81 1
8 4
98 13 79 5
4 2
34 35
1 1
84
2 6
83 73 51 1 2 26
17 5
29 89 5 51 1
1 9
6 7 44 46 80 37 95 64 25
16 1
45
