100
3 8
5 6 9 4 8 2 1 7
3 1
2
3 10
2 4 8 16 32 64 100 100 100 100
3 10
1 4 4 4 4 4 4 4 4 4
100 1
100
3 5
11 20 60 22 100
2 10
100 100 100 100 100 100 100 100 100 100
3 5
100 100 100 100 100
3 4
1 6 12 49
2 6
9 64 19 16 81 80
1 10
100 100 100 100 100 100 100 100 100 100
1 10
1 1 1 1 1 1 1 1 1 1
1 6
22 36 89 10 7 1
3 8
3 91 39 68 3 39 12 15
15 5
29 4 24 2 12
11 5
45 3 5 1 89
16 3
1 95 8
16 3
4 2 1
7 7
22 61 2 75 6 9 93
4 4
9 61 21 42
3 2
13 91
8 7
37 32 29 48 92 28 24
2 8
3 1 9 34 1 29 4 91
22 3
27 1 1
1 9
1 91 33 73 52 7 10 41 72
11 8
2 55 10 50 35 49 48 27
1 1
2
8 7
63 43 16 2 97 68 41
3 4
1 57 3 13
12 1
44
16 6
34 44 17 41 1 14
23 3
59 1 70
19 9
87 14 3 1 80 24 6 20 6
20 7
11 2 1 98 23 66 40
5 1
54
14 4
1 51 95 22
1 6
25 71 1 41 52 55
14 8
73 2 26 30 1 6 89 7
7 8
78 41 8 55 86 2 6 81
11 7
4 5 66 31 33 31 12
16 4
2 22 12 6
20 1
27
4 8
52 50 4 90 29 5 5 75
7 1
70
5 5
77 76 30 17 8
15 1
2
3 1
5
2 6
21 14 3 2 54 9
4 3
75 16 18
15 3
3 48 12
13 1
75
1 4
31 51 11 28
8 3
79 51 15
2 2
1 31
10 9
89 5 61 75 52 50 12 9 89
20 6
1 6 7 2 94 91
2 2
1 44
14 6
2 65 14 78 34 11
15 4
97 73 7 2
18 7
71 71 81 1 31 40 4
11 4
24 71 33 79
14 2
70 98
20 3
94 43 91
2 8
3 33 36 90 3 14 1 12
15 6
19 6 85 5 2 70
7 6
25 24 72 50 23 7
9 1
50
1 9
11 75 56 82 33 45 98 10 1
18 9
3 2 55 34 40 58 90 89 16
2 6
17 2 76 5 1 55
22 3
7 83 44
5 5
27 17 70 16 8
3 9
73 4 63 1 67 81 57 60 69
4 6
53 6 1 89 75 13
12 8
51 8 98 8 76 13 96 84
4 2
25 30
13 2
88 28
25 7
59 32 19 28 40 2 1
2 9
7 4 81 76 1 9 3 7 90
21 7
2 4 20 2 1 35 1
18 9
22 13 85 1 99 13 1 72 2
14 2
7 1
3 4
13 19 2 9
1 1
79
8 5
7 5 15 3 69
1 1
52
3 7
4 2 6 33 37 97 54
1 7
84 23 57 50 7 71 38
1 3
37 4 8
15 9
2 29 30 2 2 17 93 35 44
3 7
13 76 19 85 22 19 5
1 3
4 52 1
4 9
4 37 10 70 73 5 36 92 2
3 1
47
3 9
72 14 5 3 45 84 1 1 65
19 3
45 16 24
25 6
36 7 80 90 23 16
6 4
1 1 42 2
18 8
21 20 38 9 61 8 2 31
3 4
16 43 48 95
