100
6 2 8 29 20 8 18 18 21
22 1 9 24 14 24 15 5 23 24 20 23 24 2 6 21 24 24 28 23 24 22 21 23 10
69 26 3 24 26 0 6 10 6 12 19 24 6 6 16 6 15 5 6 17 6 5 6 21 24 17 5 6 5 5 5 6 5 19 26 6 5 18 25 5 6 6 1 1 6 5 10 6 5 5 7 5 7 6 29 5 20 6 6 28 6 5 11 5 6 6 5 18 6 18 17 4
56 20 9 24 22 6 23 23 8 4 10 24 30 0 16 12 24 23 23 13 20 23 20 15 23 28 24 24 21 24 10 3 20 5 17 24 4 29 0 26 23 5 27 24 24 19 24 17 23 24 13 23 7 23 22 24 29 24 24
70 21 5 11 26 2 11 11 11 5 17 13 8 11 12 22 11 3 23 13 0 11 24 11 12 12 27 11 12 1 7 11 25 11 9 6 25 16 1 9 2 12 14 0 11 11 12 12 11 23 11 1 12 3 30 14 11 11 11 6 11 12 12 29 11 11 10 11 23 12 30 23 11
80 4 9 23 24 29 14 24 11 24 24 9 23 23 27 30 23 18 23 23 23 24 1 23 24 23 24 5 4 9 23 2 2 17 24 6 24 9 23 24 24 15 24 23 23 24 23 25 23 23 8 24 17 3 0 24 24 25 28 3 29 24 8 23 23 23 23 19 10 22 1 23 24 23 23 24 23 23 7 14 24 23 23
46 14 10 23 18 17 6 19 10 18 6 16 3 24 23 30 27 20 14 25 24 17 28 19 8 22 3 27 4 2 3 30 16 22 23 7 14 9 28 22 28 30 18 20 6 12 6 13 10
96 0 7 9 6 30 23 21 19 22 19 13 2 18 12 1 5 0 24 9 17 16 25 21 4 14 8 23 20 17 1 2 24 0 7 3 8 0 9 0 17 13 19 25 20 7 1 25 23 1 25 1 9 15 7 30 21 19 3 5 22 23 26 24 14 16 27 6 17 0 2 1 6 16 23 3 24 22 13 30 15 16 9 15 29 5 9 28 21 5 23 12 13 29 6 18 25 5 1
50 0 2 8 13 0 24 23 21 8 4 30 14 26 4 13 8 23 10 4 26 11 0 13 21 10 12 3 29 18 16 8 26 5 7 17 3 10 25 17 2 23 18 5 4 12 18 12 16 24 25 7 17
93 77 9 4 9 14 24 26 1 6 23 16 30 13 29 22 24 9 13 5 7 28 17 3 9 18 14 11 6 8 12 17 7 16 22 0 6 3 17 15 3 17 30 3 13 9 18 21 3 22 28 12 3 5 7 6 14 28 21 20 20 9 27 0 1 12 1 4 26 8 2 6 1 5 0 20 8 11 26 22 10 16 5 22 9 20 23 4 7 30 8 22 21 29 22 6
14 14 7 8 20 10 5 20 2 7 23 14 25 14 25 6 16
82 35 7 27 2 23 17 17 17 20 17 18 17 17 15 30 30 25 14 29 18 11 17 0 18 17 9 18 19 28 18 17 18 18 20 3 22 2 18 18 0 17 18 4 20 0 17 18 25 10 22 18 17 7 18 18 30 20 22 26 17 10 27 18 18 18 21 18 23 18 17 17 18 17 25 13 3 18 17 18 17 29 18 17 28
27 0 4 9 14 7 2 26 3 15 16 3 4 13 27 16 12 12 28 5 22 1 26 5 9 23 14 26 20 19
96 31 2 2 18 3 2 2 2 3 0 19 3 3 2 2 2 3 3 2 26 30 2 25 17 12 2 3 2 20 0 2 0 21 2 30 9 2 25 12 3 27 26 24 16 3 11 3 2 2 3 2 2 25 2 3 3 2 2 20 3 2 3 3 3 7 28 3 2 13 7 10 11 30 9 3 2 3 20 2 2 2 16 19 2 3 6 2 15 3 27 17 5 3 2 22 2 19 3
58 7 4 9 18 9 8 21 30 23 9 9 23 8 15 8 8 9 28 10 9 23 23 9 9 9 9 0 17 26 4 5 8 7 8 8 8 12 9 0 8 23 9 9 8 9 23 0 8 9 9 30 9 8 9 9 8 9 9 9 8
57 0 10 16 25 10 6 6 29 24 18 7 30 16 22 21 4 14 18 3 26 18 23 30 22 18 22 27 25 28 24 7 29 11 2 11 30 27 28 0 21 10 23 19 28 27 27 9 8 25 12 13 6 15 16 29 4 2 17 22
62 17 10 15 26 27 27 26 27 24 26 23 30 27 16 7 26 27 8 27 16 27 20 28 9 19 12 6 15 27 9 26 27 25 26 27 26 27 5 19 2 26 25 21 26 2 17 26 17 26 27 27 14 20 16 3 27 26 23 27 26 11 6 11 26
72 9 10 27 27 8 6 1 26 23 27 14 27 0 26 26 2 26 30 3 26 26 1 11 26 24 28 27 26 26 3 26 26 2 12 28 28 10 26 13 27 25 26 18 26 27 4 27 6 27 30 27 27 6 27 26 26 26 7 27 26 3 26 26 9 26 26 26 12 11 26 26 22 6 29
50 0 6 18 27 30 5 1 12 2 29 13 11 23 7 21 24 4 9 13 10 7 8 17 11 29 20 3 16 11 11 9 5 3 23 4 21 22 27 17 6 9 19 23 20 25 30 14 2 21 11 3 27
23 4 7 15 18 5 8 3 8 21 15 8 2 27 28 11 28 16 0 18 10 8 19 17 5 10
49 21 8 5 29 22 2 22 0 5 4 15 30 27 8 11 10 22 17 20 0 20 18 29 30 11 14 26 0 15 18 17 29 25 9 28 6 6 7 30 26 0 25 29 8 2 23 26 21 23 4 28
79 29 3 0 30 5 9 14 11 30 2 3 5 20 6 5 5 20 23 16 5 6 6 24 20 26 29 10 5 30 27 26 11 10 19 17 10 5 6 22 6 6 4 14 6 26 6 5 8 19 22 12 1 1 2 5 22 5 25 6 5 5 15 5 5 6 13 30 20 21 5 4 6 6 6 5 0 23 1 5 2 5
74 8 3 29 27 21 28 10 24 27 24 10 2 11 8 1 18 26 23 10 28 3 18 4 25 27 8 6 15 0 24 30 13 26 20 1 17 29 3 27 7 1 21 6 24 18 23 13 26 9 13 11 20 15 14 27 0 16 6 5 5 24 17 6 28 18 15 30 3 24 22 12 8 11 15 13 29
65 65 6 10 9 19 22 11 20 23 26 28 27 5 3 19 24 26 25 18 20 8 4 2 13 2 4 20 27 4 26 5 19 28 27 27 8 4 22 23 11 16 2 2 5 3 2 11 24 17 2 16 14 8 6 27 24 28 25 15 7 21 14 19 20 27 9 10
91 70 5 6 29 1 16 5 6 1 6 3 14 24 26 0 30 8 19 14 20 21 12 19 2 26 23 14 15 16 21 12 4 6 6 26 0 27 0 6 0 8 29 14 5 24 16 2 13 13 6 6 25 26 4 30 2 18 13 27 13 22 24 22 14 3 24 22 12 5 3 10 30 29 25 17 26 8 23 1 14 25 23 24 10 18 28 18 28 15 28 10 26 23
23 10 6 29 1 21 13 21 20 3 6 1 24 29 2 25 21 14 14 22 10 27 30 26 23 27
72 4 5 19 12 5 8 24 23 20 8 4 27 26 16 12 1 4 1 15 20 7 23 16 1 30 9 14 28 0 4 16 9 7 29 1 28 8 6 27 11 0 10 23 17 2 26 6 22 21 23 25 26 24 3 22 4 25 16 27 19 0 28 10 20 0 12 4 26 25 7 28 24 5 27
83 12 8 17 26 14 5 5 30 22 27 2 22 21 20 20 3 22 17 0 24 18 1 10 0 22 22 25 14 4 19 6 13 5 3 17 23 13 26 2 2 24 0 21 2 11 9 19 19 2 20 23 11 29 2 16 29 17 26 9 0 17 7 16 2 25 0 13 22 19 15 17 24 21 26 21 17 22 6 17 9 1 21 15 16 10
34 0 0 19 0 7 10 15 26 21 27 0 7 9 27 18 14 7 20 23 29 24 15 3 11 28 9 20 4 25 20 25 4 4 7 30 1
34 7 10 27 27 9 23 8 27 19 27 27 29 27 18 9 4 26 26 27 27 27 27 21 16 29 29 26 8 26 27 26 26 30 26 27 26
94 38 7 7 25 28 0 2 22 16 27 24 27 30 15 9 18 27 8 22 1 22 0 3 5 21 26 5 3 7 13 22 23 29 12 18 8 10 6 0 0 23 29 22 21 4 18 26 20 27 20 20 9 0 20 14 17 14 28 7 4 24 27 12 26 22 1 16 13 4 26 16 13 23 23 2 16 4 16 26 21 4 30 8 6 6 13 11 23 16 14 21 28 10 22 28 20
91 33 5 15 11 11 12 11 11 5 11 11 10 12 11 12 23 11 0 12 28 11 12 11 13 12 12 11 12 12 12 11 12 0 12 12 18 27 12 25 11 26 12 11 30 9 11 28 8 4 12 21 12 30 11 12 12 24 12 8 19 16 15 26 12 19 11 17 11 16 11 12 12 15 12 12 11 11 12 11 12 23 26 17 24 11 22 12 11 28 20 27 2 11
33 23 5 17 2 15 15 10 21 17 20 22 17 12 30 15 5 19 19 23 20 30 19 5 23 20 21 24 2 17 21 9 24 8 29 29
6 2 6 23 18 21 21 26 10
56 25 0 4 19 18 9 7 24 0 1 18 6 28 3 23 19 4 2 17 20 12 7 9 19 21 25 2 25 8 19 8 24 3 1 17 25 15 29 10 27 25 27 0 14 29 27 27 30 6 22 12 22 14 10 4 12 11 17
63 21 6 15 14 15 15 15 15 15 12 23 12 15 12 27 14 14 0 15 14 7 6 15 15 15 15 7 15 3 15 23 15 11 14 14 30 29 15 25 15 11 14 7 26 15 15 14 14 29 9 15 17 14 28 15 14 4 15 19 15 16 14 20 4 15
31 9 0 24 24 8 7 3 12 24 25 18 30 6 7 1 14 8 29 12 17 1 11 11 21 20 13 5 4 2 7 29 10 30
90 90 2 18 16 23 22 17 2 11 25 27 3 27 14 17 13 14 18 16 7 10 11 8 6 16 7 20 23 23 27 17 8 9 20 28 18 16 16 6 21 26 17 9 24 8 15 24 15 16 20 10 7 7 10 20 18 13 17 12 23 26 20 13 16 20 10 18 15 26 22 28 19 16 10 28 24 23 12 8 27 4 24 15 19 12 22 10 22 10 3 25 22
82 39 6 26 3 6 20 5 23 8 8 4 14 5 0 19 15 3 0 21 12 1 2 29 12 29 20 21 16 13 10 4 30 11 28 21 8 12 8 2 9 15 11 25 16 26 12 28 22 29 2 18 28 9 17 6 30 27 10 9 8 26 11 26 13 20 3 0 12 17 0 8 27 9 3 2 6 12 25 18 7 17 14 28 14
29 2 0 0 24 8 24 30 8 30 5 24 0 14 4 0 1 8 22 3 26 29 24 10 14 10 26 10 14 14 12 19
69 0 0 30 30 30 30 30 30 30 30 30 30 30 30 30 30 30 30 30 30 30 30 30 30 30 30 30 30 30 30 30 30 30 30 30 30 30 30 30 30 30 30 30 30 30 30 30 30 30 30 30 30 30 30 30 30 30 30 30 30 30 30 30 30 30 30 30 30 30 30 30
26 19 5 0 4 16 11 17 14 29 25 8 13 14 27 15 8 4 25 30 28 15 14 13 2 20 16 13 11
56 9 9 30 14 0 8 14 10 27 28 1 22 21 6 27 28 25 21 15 27 4 8 30 4 0 27 21 28 12 26 27 25 21 20 13 2 0 27 5 7 21 13 10 6 21 27 24 28 12 30 3 29 8 9 15 12 13 1
40 1 10 26 27 28 27 21 27 6 27 17 24 27 3 26 26 10 26 27 26 24 27 27 5 26 26 26 28 0 27 20 11 26 27 26 5 19 10 27 27 27 28
47 2 9 23 24 24 23 24 23 18 10 25 23 18 24 24 25 23 3 24 11 23 24 20 9 23 23 19 7 23 7 29 17 26 24 24 23 1 23 14 24 18 8 23 9 25 17 23 10 15
6 6 10 9 11 4 15 7 28
81 48 3 12 15 11 14 26 12 16 24 15 20 21 13 9 5 2 19 5 25 19 14 0 23 25 25 20 0 22 21 25 27 17 24 28 18 18 12 21 17 9 26 12 6 27 26 16 4 6 25 5 11 0 21 2 28 18 8 1 1 6 10 17 16 15 28 25 18 21 14 22 29 29 5 16 4 30 27 5 6 14 2 19
91 42 8 22 26 19 25 2 15 16 17 2 4 3 3 20 26 9 10 25 21 25 13 7 19 6 15 10 10 13 13 29 24 21 7 14 27 24 24 18 22 4 26 24 20 8 15 3 27 24 16 1 27 7 11 15 13 23 28 8 17 30 16 13 14 26 28 2 23 10 13 28 17 18 30 2 6 8 11 29 2 1 15 21 18 9 4 8 29 16 8 13 7 8
24 12 4 8 27 19 9 2 9 9 8 9 8 8 9 20 9 18 22 23 11 9 9 15 13 9 23
13 0 0 28 27 6 18 29 10 27 4 2 12 25 25 24
90 28 5 11 12 22 11 12 25 0 11 11 17 12 3 12 9 4 8 12 11 28 11 11 7 30 12 24 11 1 11 1 11 9 20 17 2 11 12 25 11 11 1 16 12 2 26 25 18 12 12 12 27 12 12 12 26 12 12 27 21 12 26 12 11 25 12 8 28 3 11 12 27 1 20 29 22 11 3 27 1 14 4 26 11 11 12 24 17 12 3 20 12
38 10 7 18 17 3 17 27 27 2 3 7 0 25 21 18 17 24 18 18 27 18 10 17 18 13 1 14 17 2 18 18 0 15 18 17 17 17 22 8 17
33 0 0 4 17 18 27 9 19 24 25 26 3 11 20 8 28 26 26 1 10 4 9 16 13 19 5 8 13 17 13 25 24 29 3 12
68 18 0 23 3 0 21 26 0 21 27 30 30 27 1 15 13 15 29 6 30 1 20 4 5 30 17 3 10 27 16 21 14 27 21 11 2 11 27 1 24 23 20 9 0 1 5 30 21 5 21 21 24 17 24 27 21 25 10 8 25 7 4 14 22 7 1 3 3 21 10
65 23 3 29 13 1 21 2 26 4 0 5 18 4 25 22 8 18 1 26 13 23 29 27 17 20 0 27 10 6 2 18 14 15 6 27 3 14 6 5 8 29 17 20 11 26 19 6 1 1 19 6 9 23 21 15 25 8 23 12 0 1 19 9 29 19 20 23
39 0 6 3 23 27 17 1 30 21 0 20 12 22 11 10 11 15 19 30 21 27 9 27 10 4 16 30 2 12 16 7 25 4 10 14 2 29 19 21 0 20
4 1 5 25 1 19 8
31 0 4 1 29 9 16 7 9 21 17 5 21 11 17 6 24 26 2 19 26 27 6 16 30 27 9 8 28 25 13 4 26 2
21 3 10 5 26 0 9 19 26 6 13 28 14 12 3 26 27 26 13 26 26 16 29 19
46 2 4 19 25 25 28 3 19 22 30 23 10 24 25 3 0 28 23 22 11 27 2 26 14 22 13 11 29 15 11 5 11 29 12 21 12 1 14 11 8 9 22 22 10 2 26 25 13
99 24 4 9 1 8 8 16 9 8 9 24 3 9 8 9 4 6 18 20 19 22 7 8 18 10 9 9 16 9 5 23 8 8 9 25 8 8 8 9 1 9 22 9 8 9 8 9 8 12 9 9 7 9 30 14 21 9 7 7 17 8 8 1 9 2 29 8 19 21 25 3 9 9 9 16 8 8 8 8 11 9 16 11 8 23 5 8 9 26 9 9 9 8 9 20 9 5 9 9 8 9
16 16 3 6 11 26 21 11 2 13 13 20 5 9 7 27 22 10 14
39 7 4 2 17 24 26 27 20 5 10 6 14 18 6 23 21 20 30 23 5 19 12 14 25 23 30 3 10 11 24 8 14 8 28 19 24 19 10 23 27 9
79 18 5 11 4 11 4 11 12 12 9 10 11 11 9 11 11 16 4 12 11 11 17 1 11 12 11 11 11 12 12 21 19 11 11 9 12 2 12 12 12 9 11 12 20 11 0 12 21 11 11 11 11 12 12 11 6 29 11 12 12 11 7 28 11 12 12 28 11 15 8 12 11 11 12 12 12 30 11 12 12 26
85 37 0 1 10 28 8 4 16 15 25 10 26 21 15 14 8 3 13 16 10 11 14 24 3 27 3 22 20 0 8 29 1 26 30 13 16 17 29 29 25 9 2 24 29 21 2 24 17 10 21 23 14 21 4 23 13 18 12 20 20 6 4 7 19 11 8 3 14 13 18 19 2 23 15 2 3 27 12 1 16 19 12 6 30 7 27 1
1 0 9 11
27 1 4 26 10 13 15 27 9 8 14 20 2 2 23 1 7 1 29 10 5 5 19 18 8 21 16 4 17 25
1 0 3 6
38 11 3 0 29 6 5 6 3 4 12 11 12 22 5 5 6 8 6 6 6 5 17 29 29 6 3 17 5 5 5 21 6 5 5 6 14 5 5 5 1
49 0 10 30 30 30 30 30 30 30 30 30 30 30 30 30 30 30 30 30 30 30 30 30 30 30 30 30 30 30 30 30 30 30 30 30 30 30 30 30 30 30 30 30 30 30 30 30 30 30 30 30
33 16 5 22 11 27 12 12 12 13 17 21 11 12 12 28 12 11 11 14 12 11 15 7 7 11 12 11 11 11 27 11 11 12 10 18
100 36 1 1 0 27 13 7 17 22 15 3 0 20 26 17 19 11 18 14 27 28 18 7 29 2 19 16 12 29 15 23 15 26 21 20 14 11 13 30 7 27 21 15 24 17 22 7 11 1 25 19 23 6 1 25 26 29 13 24 22 29 21 11 2 2 7 7 8 2 28 15 3 8 24 8 18 5 17 13 6 7 15 5 28 20 10 2 30 29 12 14 13 30 16 7 10 12 27 6 12 8 22
12 0 7 18 1 17 9 16 1 18 0 17 17 18 20
39 4 9 12 6 9 23 13 18 26 14 12 4 9 4 6 4 5 3 27 9 14 29 24 12 1 28 1 1 2 14 0 20 23 29 14 12 17 8 5 24 13
18 0 3 26 5 8 26 24 25 22 24 7 24 24 23 17 8 9 26 13 26
35 9 10 27 27 6 26 26 28 16 27 26 11 11 27 27 15 26 1 26 27 1 26 27 27 27 7 8 27 29 22 19 18 13 27 7 28 11
74 7 8 20 19 20 28 17 20 20 15 21 27 7 3 10 20 5 24 5 3 21 6 22 20 21 20 21 30 20 16 20 20 19 21 20 5 20 5 15 21 21 22 21 5 7 19 20 1 21 21 13 18 21 7 24 20 3 21 21 20 21 20 20 21 21 19 13 9 21 29 21 21 20 20 20 14
12 2 3 12 5 2 26 6 7 11 5 5 28 5 5
41 0 7 19 2 0 16 6 18 6 17 27 29 8 14 6 23 10 2 30 6 24 12 23 9 22 12 22 5 26 18 4 28 9 2 6 25 22 1 25 27 28 20 15
64 8 3 6 6 5 5 26 5 5 24 6 6 30 6 6 5 16 5 6 1 6 1 6 6 27 5 0 6 6 5 5 5 6 6 13 25 5 16 6 5 2 6 6 7 14 17 0 27 0 6 5 7 6 5 5 28 5 2 17 6 7 5 5 5 6 7
3 2 1 0 16 26
92 42 1 9 22 12 25 1 4 14 2 0 27 15 8 9 22 4 24 4 27 13 15 0 7 0 25 1 8 2 12 14 9 28 21 29 3 30 2 14 1 29 4 11 16 6 14 9 5 27 8 17 5 22 13 19 0 29 5 28 10 18 14 15 5 0 13 12 18 17 23 10 0 22 12 21 26 26 23 12 14 8 22 7 5 25 18 21 11 6 9 12 19 24 26
19 3 4 8 5 7 8 16 8 19 9 9 9 21 6 19 4 13 9 30 8 20
69 0 1 0 0 0 0 0 0 0 0 0 0 0 0 0 0 0 0 0 0 0 0 0 0 0 0 0 0 0 0 0 0 0 0 0 0 0 0 0 0 0 0 0 0 0 0 0 0 0 0 0 0 0 0 0 0 0 0 0 0 0 0 0 0 0 0 0 0 0 0 0
69 32 3 26 9 18 26 25 2 11 25 16 6 16 21 1 8 15 7 4 19 29 29 22 3 23 16 14 27 27 25 10 16 11 23 9 3 9 27 30 21 9 29 2 22 3 9 20 9 0 17 9 19 23 29 22 13 3 25 8 17 12 11 3 3 20 18 25 24 12 13 14
87 0 10 12 9 5 30 26 10 10 19 26 13 21 4 24 4 4 29 16 22 1 1 22 7 3 25 14 7 26 17 1 30 20 4 25 17 8 20 21 7 21 28 10 20 9 29 12 24 29 29 15 3 10 8 26 17 9 7 0 17 13 20 23 5 13 12 1 14 2 24 0 10 2 30 30 27 0 20 20 4 9 11 26 2 6 8 17 12 22
95 16 6 16 29 5 18 13 9 9 10 4 3 30 14 25 17 9 27 7 5 7 10 27 18 26 23 22 10 14 18 17 24 28 20 12 11 7 9 17 30 30 25 17 27 3 11 14 10 16 19 15 6 1 28 22 5 6 25 3 8 0 13 11 12 0 29 29 5 27 15 22 19 15 21 21 12 9 17 28 29 16 11 20 15 28 26 12 13 1 4 13 19 0 12 4 14 12
89 89 1 23 6 8 8 6 15 16 5 11 18 8 22 23 14 12 16 15 24 14 6 20 17 27 26 20 23 17 19 22 17 28 2 11 23 8 24 10 19 15 9 10 18 23 4 9 17 9 13 24 2 11 9 9 28 15 17 11 23 14 7 21 20 12 5 7 10 26 13 23 2 23 20 26 8 25 23 13 13 4 26 7 20 23 12 14 11 5 22 21
63 2 7 24 18 30 0 23 6 23 9 12 7 12 18 10 23 15 30 20 29 29 9 16 14 8 21 25 23 1 26 23 22 13 19 0 15 6 19 5 13 7 10 21 11 5 10 18 0 5 11 9 29 0 1 0 15 4 9 11 13 9 27 15 7 18
92 50 5 5 0 19 29 27 1 7 22 3 30 12 30 26 16 16 11 5 30 22 5 29 27 10 6 16 7 12 17 2 3 19 28 17 28 23 15 24 24 8 27 22 13 11 8 8 17 8 22 14 24 23 11 16 25 13 3 24 23 28 29 20 24 12 22 3 27 26 2 28 12 24 8 23 27 28 28 0 28 18 9 24 2 25 23 23 17 29 25 17 27 21 8
27 2 9 23 23 23 14 23 24 23 29 1 5 11 24 8 23 20 26 29 17 13 26 13 10 23 23 23 24 23
76 0 2 21 0 9 30 20 20 2 7 22 23 27 0 13 9 10 25 30 5 8 20 27 7 18 10 27 30 3 22 16 0 5 25 17 26 10 11 5 28 27 10 16 21 14 21 20 16 10 12 4 25 18 20 4 12 28 8 10 16 11 16 1 27 3 11 18 19 6 9 6 3 6 22 19 16 21 5
57 0 0 0 0 0 0 0 0 0 0 0 0 0 0 0 0 0 0 0 0 0 0 0 0 0 0 0 0 0 0 0 0 0 0 0 0 0 0 0 0 0 0 0 0 0 0 0 0 0 0 0 0 0 0 0 0 0 0 0
58 18 3 6 5 5 29 6 2 19 5 5 15 30 24 6 5 21 16 24 5 6 16 8 5 20 6 6 28 7 20 23 5 5 5 10 6 5 26 6 5 5 27 5 3 6 5 5 6 30 21 5 30 29 6 6 5 25 6 5 23
31 9 2 2 10 2 30 3 26 1 28 24 3 3 2 3 13 18 3 1 15 2 20 2 3 3 2 3 18 0 3 9 2 12
38 8 4 8 15 8 8 10 27 6 9 8 25 9 9 9 2 9 5 9 7 9 3 8 8 28 9 8 8 8 9 3 8 9 15 5 1 22 10 9 9
19 8 6 28 18 5 11 6 26 19 23 11 13 19 23 7 21 29 13 24 19 1
32 2 6 14 24 15 14 28 14 15 14 14 15 22 7 13 23 15 15 27 8 28 14 14 14 19 15 15 13 11 15 15 15 11 14
28 5 2 3 3 22 24 2 12 2 2 17 13 2 5 22 3 2 15 3 3 3 1 3 2 22 3 25 3 17 2
26 4 10 26 30 10 6 28 27 4 9 1 6 29 12 2 24 8 0 17 12 4 14 17 16 20 29 8 18
