100
3 1 5 15 13 11
3 0 8 23 22 21
2 1 2 6 0
3 1 4 9 27 8
1 0 6 14
3 2 1 18 1 14
2 0 4 8 8
3 1 9 24 24 19
3 3 6 2 2 7
3 2 2 4 5 15
2 2 6 7 2
1 0 10 10
2 2 3 3 4
3 1 6 14 30 14
3 0 3 1 30 7
3 3 4 26 8 18
2 0 3 24 1
2 0 6 3 21
1 1 6 23
1 0 0 0
1 0 0 1
3 0 0 30 30 30
1 0 2 10
3 3 4 2 24 6
3 0 9 24 27 19
2 0 6 20 9
2 2 7 28 21
2 0 1 0 10
3 0 0 25 12 29
2 0 8 11 2
3 1 7 18 18 18
1 0 2 3
3 0 4 28 8 9
3 0 5 11 12 11
3 1 0 19 6 1
1 1 7 4
3 0 3 12 23 6
2 0 10 30 1
2 2 8 14 9
2 2 4 26 18
1 1 9 8
1 0 2 13
1 0 2 3
3 0 10 26 26 27
1 0 7 18
2 0 9 16 24
3 3 5 27 25 24
2 0 3 5 14
2 1 8 4 18
2 0 3 5 6
3 1 6 15 15 14
2 1 2 2 3
2 1 10 26 26
2 0 8 16 21
2 2 7 16 14
3 1 7 23 17 17
3 3 3 2 19 20
3 2 1 0 28 19
1 0 10 27
2 2 10 5 5
3 1 7 12 11 20
1 0 10 30
3 2 10 17 4 13
2 2 9 8 3
2 0 0 4 8
2 0 6 29 27
2 1 6 14 14
1 0 7 17
3 0 4 10 6 22
1 0 9 6
3 0 3 10 17 1
3 0 8 29 24 23
2 2 3 20 2
1 0 3 22
3 3 8 28 15 8
1 0 7 17
3 0 5 21 7 9
2 0 9 9 30
1 1 0 12
2 0 1 0 0
2 0 10 9 25
3 3 0 2 25 18
1 1 7 8
1 0 5 26
2 0 10 26 27
1 0 2 26
3 1 7 17 14 1
1 1 10 23
3 0 4 22 9 9
3 0 0 29 19 1
2 1 8 9 19
2 0 0 8 30
3 1 2 16 11 2
1 1 3 12
2 0 9 15 24
2 0 1 17 24
2 0 6 14 14
2 0 10 7 18
3 3 5 20 9 4
1 0 7 18
