100
10
189 807 110 431 561 523 235 756 749 849
10
808 866 620 533 792 983 584 15 861 470
10
963 972 979 985 990 994 997 999 1000 1000
10
971 338 754 623 562 442 462 811 738 337
10
209 823 33 337 952 172 855 550 8 600
10
275 587 249 234 672 662 78 999 893 585
10
963 972 979 985 990 994 997 999 1000 1000
10
812 863 377 763 103 266 433 480 364 222
10
437 934 780 85 295 700 796 621 453 757
10
445 354 608 85 413 845 976 232 507 140
5
1 2 3 4 7
10
43 54 54 54 54 54 54 54 54 54
10
984 990 994 997 999 1000 1000 999 997 994
10
334 537 741 687 390 391 108 584 368 754
10
239 962 499 32 39 765 345 228 10 158
10
202 704 42 900 522 949 418 285 925 330
10
632 757 777 130 140 167 247 484 394 256
10
427 570 311 222 549 447 400 307 840 239
10
81 789 455 936 767 10 307 590 345 783
10
357 676 153 769 291 240 485 782 181 398
5
5 8 9 9 9
10
418 753 374 927 12 52 872 879 534 360
10
409 240 158 908 679 946 515 131 136 280
10
167 778 653 873 337 487 898 296 524 673
10
59 519 498 16 865 750 559 716 384 421
10
302 8 780 196 231 222 479 197 122 697
10
599 996 69 226 469 946 717 42 382 275
5
40 79 79 79 79
10
688 311 297 362 569 712 975 753 609 4
10
297 439 891 402 414 804 844 875 615 933
10
34 572 580 495 3 140 17 237 895 117
10
480 618 479 302 660 167 916 37 143 544
10
529 128 942 233 365 625 734 964 820 977
10
483 391 344 263 587 575 836 417 771 309
10
126 428 74 520 31 428 258 662 167 816
10
374 370 289 708 886 891 819 311 813 171
10
655 245 352 238 684 150 600 195 244 656
10
182 646 707 560 835 26 608 38 423 7
10
782 174 240 219 993 381 33 468 987 500
10
475 386 195 228 440 890 979 193 733 351
10
590 735 26 838 968 49 851 398 47 95
10
356 433 389 810 368 507 172 26 449 868
10
158 820 982 517 251 760 425 571 353 249
6
1 2 2 2 2 2
10
21 22 23 24 25 26 27 28 29 30
5
7 8 7 9 9
10
604 15 846 997 914 367 945 332 4 869
10
989 994 997 999 1000 1000 999 997 994 990
10
360 369 378 387 396 405 414 423 432 441
10
132 756 895 872 442 284 614 901 867 333
10
232 400 61 616 88 364 140 942 914 147
10
624 511 627 473 878 492 222 436 207 958
10
805 648 716 376 812 47 259 60 664 47
10
984 990 994 997 999 1000 1000 999 997 994
10
563 449 323 907 63 261 833 898 30 955
10
488 377 499 452 550 537 815 916 467 489
10
661 785 395 252 355 387 632 739 206 618
10
466 651 437 407 235 153 383 968 469 554
10
989 994 997 999 1000 1000 999 997 994 990
10
764 682 500 440 437 256 453 191 765 452
10
971 979 985 990 994 997 999 1000 1000 999
10
371 965 172 216 961 85 935 905 768 938
10
419 419 419 419 419 419 419 419 419 419
10
989 994 997 999 1000 1000 999 997 994 990
5
1 2 3 6 7
10
7 7 8 10 13 17 22 28 35 43
10
934 623 8 432 427 909 968 241 825 786
10
911 521 604 300 682 971 806 853 997 254
9
54 119 119 119 119 119 119 119 119
10
989 994 997 999 1000 1000 999 997 994 990
10
500 498 145 4 267 787 243 751 569 775
10
402 418 660 5 69 694 976 874 898 972
10
928 73 467 426 329 264 734 334 320 454
10
191 590 322 738 169 761 627 500 954 359
10
949 478 61 779 780 73 946 695 109 440
10
559 495 957 347 901 192 499 635 511 319
10
449 449 449 449 449 449 449 449 449 449
10
924 259 754 703 344 400 754 491 21 206
10
399 331 699 467 556 519 764 624 560 497
3
7 7 7
10
3 773 600 240 537 319 26 99 790 470
10
250 911 86 468 142 814 475 255 116 937
10
555 913 796 628 784 826 407 394 840 925
8
78 185 185 185 185 185 185 185
10
102 147 238 765 720 786 211 119 93 402
10
500 848 848 318 273 528 934 359 861 253
10
490 646 354 502 651 422 195 626 647 92
10
27 668 232 88 446 11 512 743 57 972
10
404 530 442 78 267 962 838 245 813 143
10
720 156 471 691 689 614 26 624 629 238
10
641 116 220 812 332 532 249 618 788 16
10
851 15 663 888 517 846 428 402 653 74
10
612 696 965 822 39 12 15 579 322 49
9
64 128 128 128 128 128 128 128 128
10
857 592 529 436 87 883 927 455 471 821
10
541 70 146 256 446 309 654 56 368 317
10
949 216 720 445 219 338 583 462 440 151
10
989 994 997 999 1000 1000 999 997 994 990
10
965 317 855 627 556 372 824 335 125 476
10
999 590 218 880 377 656 114 303 111 937
