100
303 742
120 302
121 302
3 121
67 747
365 880
634 852
388 404
484 584
8 742
7 485
74 888
8 9
1 109
388 589
222 856
7 121
121 221
4 221
839 894
484 485
10 120
122 1000
329 450
90 753
65 584
3 4
483 485
3 5
120 484
212 806
121 742
1 121
21 484
222 270
9 10
21 584
65 484
939 945
90 442
483 742
5 912
384 484
4 5
1 2
1 1000
569 923
157 868
447 797
483 484
3 9
1 65
7 302
3 109
709 998
72 964
3 485
9 484
1 6
1 9
8 65
510 646
1 742
1 1
3 10
397 427
3 6
9 121
9 109
820 928
1 221
121 484
486 745
9 65
383 467
751 975
4 121
348 441
1 4
65 121
3 221
225 676
21 121
1 485
21 485
3 742
4 6
655 975
122 483
133 693
21 221
303 584
1 5
384 742
4 10
303 485
1 104
3 484
100 1000
186 603
