100
496.79661 1.17530 1921.24530
115.83841 1.89798 1787.84612
342.57921 1.950 743.0814
496.94013 1.30519 1996.84647
390.03118 1.01557 58.71634
284.562 1.000 620.9450
345.00000 2.00000 690.00000
496.99003 1.27098 1930.98401
446.56437 1.68278 129.68027
397.69859 3.16529 783.38693
1.03716 3.45134 1999.54258
492.17636 1.04653 1910.10017
87.3632 3.728 691.0931
497.17893 1.15163 1916.81116
496.88510 1.04737 1963.51270
494.43342 1.49897 1914.60222
492.04419 1.09739 1923.65783
394.49979 3.00996 325.46462
127.0 1.0 1369.0
1.01785 3.12012 1999.22404
152.57405 1.70 1630.0
285.14818 1.89989 1865.94110
1.00 3.90199 1294.0
1.02565 3.00976 1999.40873
159.06305 2.99860 915.68000
237.56337 1.70275 1967.50613
498.52697 1.06296 1927.01140
490.31810 1.11265 1923.41468
495.35593 1.18712 1969.05566
215.0 1.0 1139.0
247.74170 3.19389 937.61145
22.39 3.0 1.0000
162.0 3.0 902.0
167.62787 1.86900 410.92504
460.00000 2.00000 460.00000
226.0 3.0 1075.0
457.0 1.0 384.0
142.08 3.0 883.169
497.13987 1.06274 1940.67248
251.00000 2.00000 272.00000
326.77928 2.24855 918.88617
494.68819 1.00517 1935.82526
1.06139 3.62245 1999.02297
491.88115 1.16291 1987.53327
53.0 2.0 1587.0
407.0 4.0 1283.0
52.4547 3.0 2000.000
498.38164 1.45903 1941.82881
490.43149 1.26899 1996.82548
457.00000 2.00000 914.00000
497.29775 1.19314 1981.30536
449.0 3.7738 809.60
294.0 3.2 293.43
496.61365 1.29540 1915.52787
494.43831 1.31612 1967.24788
497.11280 1.14715 1984.24154
465.75218 3.24430 1751.40741
495.62259 1.38193 1996.05078
494.21764 1.44032 1937.69371
490.44268 1.11924 1948.66985
37.0 1.0 835.28000
13.71647 3.8295 952.34092
330.9 4.00 1331.0
498.19065 1.43176 1904.68029
173.177 3.16324 458.64702
133.0 2.0 1457.0
253.6925 3.08833 1867.21
492.48739 1.14533 1994.19084
490.98484 1.18551 1987.75937
495.72076 1.20929 1915.94580
317.00000 4.00000 329.00000
65.94159 1.47364 1936.98496
147.72970 1.20309 1502.64896
476.0 3.0 277.0
49.71 1.6466 859.90
228.68459 3.48346 668.27405
490.76781 1.06125 1909.75082
283.0 1.0 170.0
194.38087 3.63997 292.94581
496.57763 1.32443 1917.33618
43.0 3.0 536.0
491.46119 1.22193 1971.26938
3.00000 2.00000 6.00000
59.0 2.0 146.0
491.29950 1.07201 1911.82483
495.0 3.0 156.0
61.22320 2.48817 1103.83247
329.0 3.473 1461.0
495.37444 1.40119 1986.34283
493.94860 1.24386 1966.25790
416.52478 3.75836 1426.74762
260.4721 2.52033 1556.8
493.78529 1.17193 1923.02660
463.67543 1.79670 617.52031
439.00000 1.00000 459.00000
1.42300 3.24296 2.43152
500.00 1.93838 1346.44
294.76576 2.54062 195.20612
383.00000 2.00000 766.00000
490.45177 1.11410 1926.13962
