50
4
0.44 0.62 0.58 0.91
0.87 0.93 0.67 0.69
8
0.81 0.26 0.13 0.19 0.32 0.10 0.39 0.71
0.48 0.52 0.90 0.58 0.77 0.74 0.06 0.16
3
0.9 0.4 0.1
0.5 0.8 0.2
7
0.05 0.19 0.03 0.73 0.49 0.86 0.38
0.97 0.22 0.59 0.51 0.70 0.30 0.81
5
0.36 0.21 0.93 0.11 0.71
0.43 0.79 0.68 0.18 0.46
10
0.80 0.53 0.75 0.96 0.93 0.67 0.04 0.16 0.18 0.26
0.07 0.35 0.94 0.91 0.59 0.12 0.34 0.24 0.81 0.45
10
0.86 0.90 0.40 0.95 0.69 0.72 0.80 0.38 0.21 0.15
0.65 0.99 0.49 0.91 0.36 0.05 0.54 0.61 0.77 0.25
4
0.77 0.68 0.50 0.73
0.59 0.09 0.36 0.18
10
0.97 0.39 0.58 0.24 0.67 0.79 0.15 0.27 0.42 0.09
0.61 0.21 0.48 0.36 0.03 0.88 0.76 0.33 0.94 0.73
9
0.81 0.76 0.98 0.88 0.71 0.86 0.95 0.93 0.75
0.02 0.41 0.59 0.25 0.39 0.53 0.32 0.29 0.54
10
0.63 0.70 0.83 0.43 0.77 0.10 0.40 0.17 0.97 0.93
0.57 0.50 0.07 0.30 0.47 0.03 0.90 0.27 0.37 0.33
2
0.62 0.14
0.86 0.38
4
0.35 0.78 0.68 0.05
0.38 0.40 0.85 0.80
10
0.481 0.953 0.811 0.774 0.660 0.104 0.538 0.670 0.028 0.962
0.170 0.302 0.292 0.094 0.066 0.887 0.472 0.500 0.132 0.632
1
0.91
0.36
10
0.153 0.450 0.721 0.820 0.919 0.523 0.856 0.054 0.072 0.559
0.991 0.027 0.405 0.387 0.595 0.757 0.432 0.351 0.063 0.586
8
0.41 0.78 0.46 0.40 0.05 0.06 0.52 0.01
0.68 0.51 0.36 0.20 0.42 0.25 0.62 0.44
1
0.1
0.7
10
0.67 0.77 0.15 0.17 0.33 0.29 0.06 0.96 0.08 0.37
0.79 0.12 0.94 0.52 0.10 0.42 0.25 0.92 0.54 0.50
7
0.20 0.21 0.66 0.03 0.84 0.44 0.77
0.79 0.13 0.69 0.90 0.57 0.85 0.98
9
0.48 0.85 0.73 0.33 0.58 0.70 0.18 0.67 0.15
0.55 0.88 0.82 0.76 0.45 0.79 0.06 0.36 0.21
4
0.50 0.45 0.61 0.26
0.18 0.16 0.95 0.89
3
0.08 0.88 0.92
0.31 0.69 0.77
10
0.75 0.43 0.63 0.03 0.57 0.41 0.04 0.48 0.21 0.47
0.20 0.28 0.53 0.68 0.85 0.95 0.73 0.77 0.11 0.27
10
0.88 0.28 0.50 0.81 0.75 0.97 0.03 0.84 0.09 0.25
0.41 0.16 0.72 0.62 0.19 0.12 0.56 0.44 0.47 0.34
8
0.97 0.33 0.11 0.22 0.36 0.56 0.92 0.03
0.58 0.89 0.31 0.69 0.78 0.61 0.39 0.94
8
0.90 0.86 0.71 0.73 0.31 0.08 0.02 0.41
0.33 0.43 0.53 0.37 0.65 0.98 0.47 0.78
3
0.55 0.05 0.35
0.95 0.50 0.60
5
0.95 0.49 0.17 0.34 0.22
0.46 0.12 0.02 0.66 0.20
10
0.79 0.17 0.04 0.46 0.67 0.54 0.08 0.75 0.58 0.87
0.38 0.42 0.29 0.83 0.96 0.12 0.62 0.71 0.33 0.21
7
0.56 0.40 0.92 0.28 0.88 0.08 0.68
0.72 0.52 0.04 0.60 0.84 0.96 0.44
10
0.26 0.94 0.48 0.45 0.87 0.61 0.71 0.16 0.65 0.19
0.90 0.81 0.52 0.13 0.10 0.74 0.84 0.58 0.68 0.42
7
0.90 0.46 0.42 0.64 0.50 0.88 0.96
0.56 0.40 0.14 0.74 0.60 0.68 0.24
10
0.92 0.40 0.23 0.54 0.33 0.50 0.77 0.25 0.37 0.29
0.10 0.17 0.94 0.12 0.46 0.21 0.56 0.85 0.19 0.88
7
0.22 0.13 0.05 0.37 0.27 0.32 0.30
0.48 0.62 0.40 0.78 0.90 0.87 0.75
10
0.50 0.93 0.07 0.11 0.18 0.43 0.96 0.64 0.89 0.21
0.36 0.04 0.71 0.29 0.25 0.79 0.57 0.75 0.46 0.39
3
0.51 0.34 0.74
0.03 0.11 0.14
1
0.7
0.3
5
0.04 0.48 0.17 0.57 0.22
0.91 0.65 0.96 0.83 0.61
4
0.43 0.67 0.76 0.81
0.14 0.90 0.24 0.62
1
0.1
0.2
1
0.8
0.3
2
0.20 0.65
0.45 0.40
10
0.59 0.33 0.12 0.31 0.90 0.75 0.57 0.56 0.86 0.70
0.19 0.09 0.99 0.64 0.58 0.30 0.46 0.62 0.54 0.94
10
0.267 0.390 0.505 0.514 0.743 0.876 0.867 0.914 0.905 0.971
0.238 0.895 0.048 0.476 0.981 0.324 0.076 0.438 0.619 0.257
10
0.43 0.70 0.87 0.93 0.23 0.77 0.07 0.63 0.60 0.03
0.27 0.97 0.67 0.37 0.80 0.10 0.20 0.50 0.33 0.90
10
0.86 0.82 0.28 0.76 0.99 0.34 0.94 0.19 0.53 0.73
0.80 0.51 0.54 0.05 0.90 0.38 0.33 0.30 0.91 0.23
10
0.16 0.22 0.67 0.49 0.31 0.38 0.07 0.80 0.69 0.96
0.13 0.98 0.44 0.82 0.71 0.20 0.76 0.42 0.58 0.51
10
0.673 0.495 0.692 0.944 0.430 0.850 0.327 0.738 0.897 0.467
0.178 0.047 0.056 0.224 0.009 0.290 0.308 0.271 0.103 0.168
10
0.14 0.31 0.47 0.43 0.88 0.18 0.63 0.90 0.76 0.27
0.86 0.35 0.06 0.29 0.59 0.96 0.98 0.04 0.49 0.37
