25
1 1
2
1 3 1 2 3
2 20
2 1
4 1 4
1 4 1 2 4 1
2 1 1
1 2 2 4
1 1 4
1 0
1 3 1 4 4
4 0
4 2 4 1
2 0
3 2 3 3
4 2 4 2
3 3 2 4 3
2 1 2
3 2 4 3
1 0
4 2 1 2
1 3 2 4 3
3 1 4
1 0
1 2
2
2 0
2 1 2
23 5
3 1 1 1 2 3 1 4 4 2 4 2 2 1 3 2 3 3 2 2 1 2 2
3 1 1
2 2 4 3
2 1 1
2 1 3
1 1 3
1 4
1
1 0
1 2 1 3
2 0
3 1 2
1 1
2
1 1 1
2 20
5 19
17 1 19
20 1 17
5 1 20
10 1 5
13 2 15 10
11 2 12 13
7 1 11
14 1 7
4 2 12 14
8 2 3 4
18 3 13 12 8
2 1 18
16 2 12 2
9 1 16
12 1 9
3 1 12
15 1 3
6 1 15
1 1 6
19 2 18 1
20 15
3 2 3 1 3 3 4 3 5 2 5 4 2 2 3 3 1 5 5 1
2 1 1
1 0
1 1 2
2 2 3 5
4 0
5 2 4 1
3 3 5 5 2
2 0
1 2 5 2
2 1 3
3 1 4
5 1 2
5 2 1 4
1 3 1 4 3
2 1 2
1 15
1
3 3 3 1 3
2 1 1
2 4 2 2 2 2
1 0
1 2 3 3
2 3 1 3 3
2 1 2
3 2 3 1
1 1 3
3 1 2
1 0
2 3 1 3 3
1 1 3
3 2 3 2
1 2 2 2
2 20
4 4
2 2 3 2
4 1 3
2 1 3
2 1 1
2 2 4 1
3 3 2 2 4
4 0
2 0
1 2 3 4
4 2 3 3
3 2 1 3
2 2 2 1
1 0
3 2 2 3
1 0
4 1 4
4 1 2
2 4 1 3 1 2
4 0
4 3 3 3 4
3 19
1 1 1
1 0
1 0
1 0
1 0
1 0
1 0
1 1 1
1 1 1
1 1 1
1 1 1
1 1 1
1 1 1
1 1 1
1 1 1
1 1 1
1 2 1 1
1 2 1 1
1 2 1 1
1 2 1 1
1 1
2
2 0
1 10
2
3 3 5 4 3
3 6 4 1 1 4 5 2
4 7 5 1 3 4 3 5 6
6 2 4 2
2 2 4 3
6 4 5 6 6 3
5 2 2 4
1 1 5
6 3 2 3 6
6 6 3 2 2 1 5 4
2 13
2 2
2 3 2 2 2
2 2 2 2
2 0
2 1 2
2 1 2
2 1 2
2 0
2 0
2 0
2 0
2 0
2 1 2
2 1 2
3 15
1 2 2
3 2 1 1
3 0
3 2 1 2
1 1 1
1 2 2 2
3 2 3 1
3 5 1 2 3 2 1
3 1 1
2 1 3
1 2 1 2
1 1 2
1 1 2
3 6 3 2 1 1 2 2
2 4 2 3 1 3
1 1 2
3 20
11 10 17
3 1 17
2 2 20 6
1 3 4 3 11
17 3 11 5 10
18 1 20
19 3 2 10 15
11 2 11 19
5 1 1
20 2 18 8
12 2 13 17
15 2 15 14
8 1 4
16 2 10 13
14 1 12
10 1 7
9 1 2
4 2 6 9
7 4 17 19 18 8
13 1 3
6 2 8 16
3 20
2 2 1
1 2 1 1
2 3 3 1 1
2 0
3 1 3
1 4 2 1 1 3
2 2 1 3
3 0
1 1 2
2 2 1 2
1 0
1 0
2 4 2 1 3 3
3 0
3 0
3 3 1 1 3
1 2 2 2
2 2 2 1
1 0
1 0
2 1 2
1 1
2
2 3 1 2 3
2 20
3 1
2 0
2 2 3 3
2 1 1
1 0
2 1 2
1 1 2
3 0
2 0
3 1 3
1 1 3
1 3 2 1 2
2 2 1 1
1 1 2
1 0
3 3 3 2 3
1 0
2 3 3 1 2
3 3 1 2 2
2 1 1
1 2 2 3
2 9
13 13
13 1 13
13 1 13
13 1 13
13 0
13 0
13 1 13
13 2 13 13
13 0
13 1 13
3 5
1 2 1
2 2 1 2
2 0
2 1 2
2 1 1
2 2 1 2
3 10
2 2 1
2 1 2
2 2 2 1
2 0
2 0
2 1 1
1 5 1 1 2 2 2
2 1 1
2 0
2 2 1 1
2 2 1 1
10 20
1 2 3 4 5 6 7 8 9 10
3 0
4 0
6 1 6
5 1 5
9 0
2 1 2
6 0
1 0
9 1 9
8 0
8 1 8
10 1 10
1 1 1
5 0
2 0
7 1 7
3 1 3
4 1 4
7 0
10 0
3 3
1 1 1
1 0
1 0
1 0
