25
3 15
2 2 2
3 1 1
3 2 3 3
1 0
1 0
3 3 3 2 3
3 2 1 1
2 2 1 1
3 2 1 1
2 0
2 1 2
2 1 3
1 1 3
3 2 2 2
1 2 1 1
2 1 1
1 4
1
1 0
1 2 1 3
2 0
3 1 2
10 20
1 2 3 4 5 6 7 8 9 10
1 1 1
6 0
3 0
1 0
7 1 7
5 0
2 0
10 1 10
8 0
3 1 3
9 0
7 0
4 1 4
6 1 6
9 1 9
5 1 5
10 0
2 1 2
4 0
8 1 8
2 20
4 1
3 0
2 0
1 3 2 3 3
2 0
3 0
1 3 2 1 1
2 1 2
1 0
4 1 1
1 1 3
4 1 2
3 2 1 3
1 0
2 2 2 3
1 2 2 3
1 1 3
2 3 1 4 1
4 4 2 1 3 3
1 1 1
1 1 4
3 19
1 1 1
1 0
1 0
1 0
1 0
1 0
1 0
1 1 1
1 1 1
1 1 1
1 1 1
1 1 1
1 1 1
1 1 1
1 1 1
1 1 1
1 2 1 1
1 2 1 1
1 2 1 1
1 2 1 1
1 1
2
2 0
2 13
2 2
2 1 2
2 0
2 1 2
2 3 2 2 2
2 0
2 1 2
2 1 2
2 0
2 0
2 0
2 2 2 2
2 1 2
2 0
3 20
3 1 3
1 4 2 3 3 3
3 1 3
1 2 3 3
1 4 3 2 2 3
3 1 2
1 0
3 0
3 1 2
1 1 1
1 2 2 2
3 0
1 1 1
1 2 2 3
2 0
3 1 3
2 1 2
1 2 2 3
1 2 3 3
3 1 3
1 1 2
1 1
2
1 3 1 2 3
1 15
2
3 1 3
2 3 3 1 3
2 2 3 1
1 4 1 1 3 3
2 4 3 1 1 3
2 2 3 1
2 2 3 1
3 2 3 2
2 1 2
2 0
2 0
1 1 2
1 0
1 3 2 2 2
1 0
1 20
2
2 3 2 1 1
3 3 2 3 3
2 1 3
1 5 1 1 2 1 1
1 2 3 3
1 0
1 2 3 2
1 1 1
3 1 3
1 3 1 2 1
1 2 3 2
2 1 2
3 1 2
3 1 3
2 0
3 1 3
3 1 2
1 0
3 0
1 0
1 20
2
7 1 13
13 1 7
9 1 13
1 2 11 9
20 2 8 1
17 1 20
18 1 17
15 2 10 18
6 1 15
16 2 7 6
19 2 7 16
12 1 19
14 2 5 12
3 1 14
4 1 3
8 3 2 6 4
10 2 20 8
5 1 10
11 1 5
2 1 11
20 15
4 2 4 4 3 2 3 2 4 4 4 4 2 2 4 5 3 5 1 3
1 2 3 3
2 2 4 1
4 0
5 0
2 4 1 2 3 3
3 1 5
4 1 4
3 1 5
3 1 5
4 1 2
1 2 3 1
4 2 4 1
5 2 3 3
1 0
4 1 4
3 20
7 12 1
9 2 7 2
20 1 4
13 1 11
19 3 8 15 6
5 1 7
8 2 4 9
12 3 19 18 20
6 1 10
1 1 19
10 4 6 20 11 4
18 1 1
4 1 16
11 1 5
2 3 15 14 4
16 2 5 18
3 3 12 11 13
15 2 18 8
17 1 3
14 2 11 17
7 2 12 6
2 20
1 4
1 2 2 4
3 3 4 2 1
4 1 2
1 2 4 3
4 1 2
3 1 4
4 1 2
1 1 1
1 1 4
4 1 3
3 2 2 4
4 3 4 1 3
2 1 1
4 3 1 3 4
1 1 2
2 2 3 4
1 1 3
1 1 4
1 4 1 3 2 4
2 3 3 3 3
23 5
3 2 3 3 1 1 1 1 2 1 2 3 2 1 4 2 4 4 4 4 1 2 3
2 1 2
2 2 3 2
2 0
3 2 2 3
2 1 1
2 9
13 13
13 0
13 1 13
13 1 13
13 2 13 13
13 0
13 1 13
13 0
13 1 13
13 1 13
3 20
2 2 1
1 1 2
1 0
2 1 1
1 3 3 1 1
3 2 2 3
3 0
3 2 3 1
1 1 2
2 0
2 2 1 3
1 3 2 1 1
2 0
3 2 2 2
1 0
3 0
1 2 2 2
3 3 2 3 1
1 0
1 1 2
2 3 2 1 1
1 10
6
4 2 6 1
4 5 2 2 3 3 5
2 5 1 2 4 3 2
4 4 5 2 5 2
3 3 6 6 6
4 3 5 5 4
3 5 3 3 2 6 6
5 4 5 2 1 6
2 5 5 4 1 6 4
6 1 5
1 1
2
2 3 1 2 3
1 1
2
1 1 1
3 5
2 1 1
2 3 1 2 2
1 1 2
2 1 1
2 0
1 1 2
1 2
2
2 0
2 1 2
3 10
2 2 2
1 1 1
2 1 2
1 2 2 2
2 0
1 3 2 2 1
2 1 1
1 3 1 2 1
1 2 1 2
1 0
2 1 1
3 3
1 1 1
1 0
1 0
1 0
